Statistical Analysis Yeaworks
Student ID Midterm
15 Marks
Quiz 1
10 Marks
Quiz 2
15 Marks
Lecture Bonus Marks
1 Bonus = 0.5 Mark
Lab Bonus Marks
1 Bonus = 0.5 Mark Total Marks
 12 6 3 21
 0
 6 2 5 13
 7 0.5 9.5 0 17
 10 3 10 23
 0 0.5 5 12.5 18
 6 1 10 17
 1 4 0 1.5 6.5
 1 0.5 3 0 4.5
 4 1.5 12.5 18
 9 5 0 14
 8 0.5 10 12.5 31
 9 0.5 6.5 13 1.5 30.5
 12 5 15 32
 7 0.75 3 0 10.75
 5 3 8
 13 2 4 19
 13 0.5 10 10 33.5
 13 7.5 2.5 23
 2 0.75 2.75
 11 0.75 4 2.5 18.25
 3 0.5 6.5 12.5 22.5
 14 0.5 4.5 11.5 30.5
 4 4.5 15 23.5
 0
 13 0.5 6 14 1.5 35
 3 0.75 4 11.5 19.25
 10 0.5 4 11.5 26
 4 6 10
 7 10 10 27
 8 0.5 6 0 14.5
 3 0 3
 5 0 5
 12 0.5 7 9 28.5
 5 2.5 0 7.5
Statistical Analysis Yeaworks
Student ID Midterm
15 Marks
Quiz 1
10 Marks
Quiz 2
15 Marks
Lecture Bonus Marks
1 Bonus = 0.5 Mark
Lab Bonus Marks
1 Bonus = 0.5 Mark Total Marks
 3 4.5 0 7.5
 10 0.5 10 0 20.5
 3 4.5 5 12.5
 14 0.5 10 7.5 32
 11 8 15 1.5 35.5
 15 0.5 5.5 2.5 23.5
 9 0.75 3 5 17.75
 4 1 0 1.5 6.5
 10 0.5 7.5 15 1.5 34.5
 4 9 0 13
 10 0.5 2.5 13
 9 0.5 5 15 29.5
 12 5.5 14 1.5 33
 13 6.5 11.5 31
 3 4 0 7
 4 0.5 5.5 10 1.5 21.5
 8 2.5 9 19.5
 14 5 15 34
 7 0.5 4.5 15 1.5 28.5
 13 9.5 10 2.5 35
 8 5 2.5 0.5 1.5 17.5
 15 0.5 6.5 10 2 34
 0
 4 4
 11 0.5 3 0 14.5
 6 9 9 24
 11 0.5 5 6.5 23
 7 0.75 6 10 23.75
 7 6 14 1.5 28.5
 10 0.5 5 15.5
 13 0.25 5.5 14 1.5 34.25
 6 0.5 5.5 9 21
 6 4.5 15 1.5 27
 1 0.75 1 11.5 0.5 14.75
 11 2 5 18
Statistical Analysis Yeaworks
Student ID Midterm
15 Marks
Quiz 1
10 Marks
Quiz 2
15 Marks
Lecture Bonus Marks
1 Bonus = 0.5 Mark
Lab Bonus Marks
1 Bonus = 0.5 Mark Total Marks
 3 0.75 9 0 12.75
 2 2 10 14
 12 0.5 3 0 15.5
 15 9 11.5 35.5
 10 1 6.5 17.5
 6 0.25 4.5 7.5 18.25
 14 0.5 2.5 0 0.5 17.5
 9 0.75 7 6.5 23.25
 14 0.5 2 10 26.5
 5 3.5 8 16.5
 4 0.5 5 14 1.5 25
 14 0.5 4.5 19
 10 0.75 9.5 4 24.25
 7 0.5 2 6.5 16
 6 0.75 5.5 9 21.25
 6 7.5 7.5 21
 2 0.75 3.5 0 6.25
 11 4 15 30
 4 0.5 2 0 6.5
 11 0.5 1 10.5 23
 7 6 0 13
 3 0.75 2.5 6.25
 9 4 7.5 20.5
 9 0.75 10 4 23.75
 2 0.75 7 0 1.5 11.25
 12 6 15 33
 2 5.5 5 12.5
 6 0.5 2 0 0.5 1.5 10.5
 4 3 0 1.5 8.5
 7 4 5 16
 9 0.5 4 0 13.5
 7 0.5 0 10 0.5 1.5 19.5
 2 5 14 21
 5 5 0 10
 3 0.5 8 0 1.5 13
Statistical Analysis Yeaworks
Student ID Midterm
15 Marks
Quiz 1
10 Marks
Quiz 2
15 Marks
Lecture Bonus Marks
1 Bonus = 0.5 Mark
Lab Bonus Marks
1 Bonus = 0.5 Mark Total Marks
 7 0.5 5 0 12.5
 0
 7 0.5 6.5 0 14
 16 9.5 5 30.5
 16 2 0 18
 11 0.5 7 10 28.5
 6 3 10 0.5 1.5 21
 4 9.5 0 1 1.5 16
 2 3.5 0 1.5 7
 3 0 3
 7 0.75 5 5 17.75
 4 6.5 0 10.5
 5 4.5 5 14.5
 10 0.5 5.5 5 21
 11 0.5 10 10 31.5
 8 9 5 22
 6 0.5 2 0 8.5
 14 8 0 22
 13 0.5 9 0 22.5
 6 0.5 9 0 15.5
 0 0.75 1 0 1.75
 5 7 0 12
 0
 2 0.25 3 5 0.5 10.75
 8 0.75 8.5 10 27.25
 4 0.5 7.5 11 23
 9 0.5 0 9.5
 13 0.75 9.5 0 23.25
 8 4.5 2.5 15
 6 0.5 2.5 5 14
 13 0.5 8 0 21.5
 4 0.5 3.5 5 13
 13 0.5 8.5 5 27
 12 0.5 8.5 0 21
 3 0.5 4 0 7.5
Statistical Analysis Yeaworks
Student ID Midterm
15 Marks
Quiz 1
10 Marks
Quiz 2
15 Marks
Lecture Bonus Marks
1 Bonus = 0.5 Mark
Lab Bonus Marks
1 Bonus = 0.5 Mark Total Marks
 9 0.5 4 5 18.5
 8 2.5 10.5
 9 3.5 0 12.5
 3 3 0 6
 4 0.5 3 5 12.5
 10 0.5 5 15.5
 2 0.25 1 0 3.25
 7 8 5 1.5 21.5
 3 0.5 3.5 5 12
 7 0.5 10 17.5
 13 2 0 1.5 16.5
 11 0.5 4 5 20.5
 13 0.5 4.5 0 18
 3 0.5 8.5 5 17
 8 2 5 0.5 15.5
 12 1.5 10 23.5
 11 0.5 4 5 20.5
 8 5 10 1 24
 3 0 0 3
 2 2
 5 0.5 8 13.5
 7 0.5 7 5 19.5
 7 0.5 3 0 10.5
 13 3.5 5 1.5 23
 11 7.5 0 18.5
 14 8.5 5 27.5
 6 0.5 5.5 5 17
 9 6.5 6.5 22
 2 1 3
 4 2 0 6
 7 5.5 2.5 1.5 16.5
 11 0.5 9 5 25.5
 5 0.5 2 2.5 10
 6 0.5 3 5 0.5 15
 7 0.5 5 0 12.5
Statistical Analysis Yeaworks
Student ID Midterm
15 Marks
Quiz 1
10 Marks
Quiz 2
15 Marks
Lecture Bonus Marks
1 Bonus = 0.5 Mark
Lab Bonus Marks
1 Bonus = 0.5 Mark Total Marks
 9 3.5 10 22.5
 3 0 3
 8 0.5 1 10 1.5 21
 7 8 0 15
 10 0.5 7.5 0 18
 11 0.5 7.5 15 2 1.5 37.5
 12 6.5 7.5 26
 10 0.5 6.5 0 17
 2 8 5 15
 10 2.5 15 27.5
 14 0.5 8 15 37.5
 9 3 0 12
 2 0.5 6 0 8.5
 5 2 0 7
 14 7.5 10 31.5
 5 5 15 25
 3 1 2.5 3.5 1.5 11.5
 13 4.5 0 3 20.5
 3 4 0 7
 2 1 7.5 10.5
 8 8 16
 3 5 0 8
 8 4 2.5 1.5 16
 10 4.5 12.5 1.5 28.5
 1 0 1
 13 3 1.5 17.5
 10 5 10 0.5 25.5
 6 4.5 0 10.5
 6 3 0 9
 8 8 10 26
 8 0.75 8.75
 4 6.5 15 25.5
 10 10 12 32
 6 6 0 12
 7 0.5 4.5 2.5 14.5
Statistical Analysis Yeaworks
Student ID Midterm
15 Marks
Quiz 1
10 Marks
Quiz 2
15 Marks
Lecture Bonus Marks
1 Bonus = 0.5 Mark
Lab Bonus Marks
1 Bonus = 0.5 Mark Total Marks
 4 0 0 0.5 4.5
 11 0.5 3.5 15
 7 3 2.5 12.5
 8 6.5 5 1 1.5 22
 13 0.5 4 15 32.5
 7 10 17
 8 3.5 11.5
 14 7.5 0 21.5
 6 3.5 10 19.5
 10 5 15
 0 0
 0 0.25 1 15 16.25
 11 3.5 15 1.5 31
 3 3.5 0 6.5
 3 6.5 2.5 12
 4 4.5 0 8.5
 14 3.5 10 27.5
 6 6 10 0.5 22.5
 12 2 10 24
 13 9 10 2.5 0.5 35
 9 0.5 4.5 10 24
 14 9 10 33
 9 0.5 5.5 10 25
 11 7 12.5 30.5
 9 0.5 6 15 1.5 32
 11 2 0 13
 13 5 7.5 1.5 27
 10 5 15 30
 8 4 0 12
 2 1 9 12
 0 0
 13 0.75 7.5 15 36.25
 6 0.5 1.5 0 8
 9 2 11
 9 4.5 10 0.5 24
Statistical Analysis Yeaworks
Student ID Midterm
15 Marks
Quiz 1
10 Marks
Quiz 2
15 Marks
Lecture Bonus Marks
1 Bonus = 0.5 Mark
Lab Bonus Marks
1 Bonus = 0.5 Mark Total Marks
 0
 2 2
 8 5.5 10.5 24
 4 4.5 10 18.5
 9 4 0 13
 3 0.5 1 0 4.5
 11 4.5 6.5 22
 14 7.5 14 35.5
 9 0 9
 3 3 2.5 8.5
 4 0.5 5 9.5
 7 0 2.5 9.5
 8 5 5 18
 6 0 13 19
 6 0.5 3 14 0.5 24
 13 0.5 6 10 29.5
 9 7 10 26
 9 2.5 10 21.5
 3 5 0 8
 13 5.5 13 31.5
 11 10 9 30
 1 0.25 1.25
 11 3 5 19
 14 2 10 26
 0
 7 0.5 3 6.5 1 18
 14 3.5 15 32.5
 13 6.5 6.5 26
 14 6 13 33
 12 9 2.5 23.5
 4 4 10 18
 1 0 1
 6 0.5 2 0 8.5
 3 2 0 5
 13 4.5 0 17.5
Statistical Analysis Yeaworks
Student ID Midterm
15 Marks
Quiz 1
10 Marks
Quiz 2
15 Marks
Lecture Bonus Marks
1 Bonus = 0.5 Mark
Lab Bonus Marks
1 Bonus = 0.5 Mark Total Marks
 12 5.5 5 22.5
 0
 6 5 5 1.5 17.5
 10 9.5 11 30.5
 2 7 10 19
 14 2 0 16
 12 10 10 32
 7 0.5 5 0.5 1.5 14.5
 6 0.25 5 0 2 13.25
 14 7 5 26
 9 2 0 11
 7 0.5 5 9 21.5
 9 0.5 3 7.5 1.5 21.5
 13 2 2.5 17.5
 10 0.5 9.5 15 35
 4 3.5 7.5
 7 0.5 9.5 0 17
 12 10 5 27
 2 1 0 3
 0
 13 0.5 9.5 10 33
 10 1 6.5 17.5
 14 9 10 1 0.5 34.5
 8 3.5 8.5 20
 15 7.5 15 1 1.5 40
 11 0.5 5 10 26.5
 9 4.5 2.5 16
 14 6 0 0.5 1.5 22
 0 1 7.5 8.5
 16 8 10 1.75 1.5 37.25
 1 0.25 3.5 15 19.75
 10 5.5 5 20.5
 10 0.5 3 5 18.5
 13 0.5 5 14 32.5
 8 4 0 12
Statistical Analysis Yeaworks
Student ID Midterm
15 Marks
Quiz 1
10 Marks
Quiz 2
15 Marks
Lecture Bonus Marks
1 Bonus = 0.5 Mark
Lab Bonus Marks
1 Bonus = 0.5 Mark Total Marks
 8 0.5 3.5 15 27
 7 0.5 3 15 25.5
 4 1.5 2 7.5
 5 6 0 0.5 11.5
 4 4.5 0 1.5 10
 6 0.5 9 10 25.5
 7 0.5 3.5 2.5 0.5 14
 11 4.5 2.5 0.5 18.5
 13 3 9 1.5 26.5
 3 3 0 6
 11 0.5 3.5 10 25
 5 0.5 6 10 21.5
 2 0.5 5.5 5 13
 14 4 9 27
 11 4.5 0 15.5
 11 3 15 29
 3 0.25 5 5 13.25
 5 4 0 9
 5 3 0 8
 12 4.5 15 31.5
 13 10 14.5 37.5
 12 4.5 10 26.5
 12 0.5 4 7.5 24
 11 0.75 9.5 1 22.25
 6 0.5 2.5 2.5 11.5
 5 0.5 5 6.5 17
 6 2 2.5 10.5
 9 0.5 5 10 24.5
 9 8.5 0 17.5
 5 9 5 0.5 19.5
 10 6.5 7.5 24
 11 0.5 8.5 10 30
 7 0.5 9.5 0 17
 6 6 5 17
 7 5 6.5 18.5
Statistical Analysis Yeaworks
Student ID Midterm
15 Marks
Quiz 1
10 Marks
Quiz 2
15 Marks
Lecture Bonus Marks
1 Bonus = 0.5 Mark
Lab Bonus Marks
1 Bonus = 0.5 Mark Total Marks
 6 3.5 0 9.5
 8 4 0 12
 12 6 15 3 36
 5 9.5 2.5 17
 8 8
 3 0.5 5.5 5 1.5 15.5
 10 7 7.5 24.5
 6 5.5 5 16.5
 3 3.5 0 6.5
 12 0.5 9 0 21.5
 8 0.5 8 5 1.5 23
 8 5.5 0 13.5
 9 8 0 17
 10 9.5 4 23.5
 6 3 5 14
 0 0
 13 0.5 6 13 1.5 34
 12 0.5 8 15 35.5
 10 4.5 10 24.5
 13 5.5 5 23.5
 16 5.5 7 28.5
 9 4.5 0 13.5
 10 7 7.5 24.5
 13 0.5 5.5 5 1.5 25.5
 13 0.5 3.5 13 30
 14 0.5 8 15 1.5 39
 9 6.5 6 21.5
 5 5 5 15
 10 0.5 10 5 25.5
 15 10 5 30
 9 0.5 4 9 0.5 23
 12 0.5 4.5 15 0.5 1.5 34
 6 0.25 5 0 11.25
 9 3 0 0.5 12.5
 14 6 11.5 31.5
Statistical Analysis Yeaworks
Student ID Midterm
15 Marks
Quiz 1
10 Marks
Quiz 2
15 Marks
Lecture Bonus Marks
1 Bonus = 0.5 Mark
Lab Bonus Marks
1 Bonus = 0.5 Mark Total Marks
 15 0.5 7 15 37.5
 11 9.5 15 1.5 37
 9 0.5 8 15 32.5
 9 3.5 12.5 1.5 26.5
 13 0.5 3.5 5 0.5 22.5
 12 0.5 2.5 7.5 22.5
 10 6.5 5 21.5
 9 0.75 3 10.5 0.5 23.75
 11 0.5 4 5 20.5
 13 0.5 9 10 32.5
 15 0.5 4.5 10 1.5 31.5
 14 0.5 2 15 1.5 33
 15 4.5 10 29.5
 5 0.5 3.5 0 9
 9 0.75 10 5 1.5 26.25
 13 0.5 9.5 9 32
 15 4 15 34
 13 0.5 5.5 10 29
 14 9 10 0.5 33.5
 2 0.25 3 4.5 9.75
 9 5 0 14
 4 0.75 4 7.5 1.5 17.75
 9 0.25 9 10 28.25
 12 0.5 10 15 37.5
 9 0.5 4.5 5 19
 5 6 0 11
 13 4 0 17
 8 0.5 6.5 5 20
 8 5.5 13 26.5
 7 0.5 3 2.5 13
 16 10 5 0.5 31.5
 15 6 15 36
 15 8.5 10 33.5
 14 8 15 37
 14 7 5 26
Statistical Analysis Yeaworks
Student ID Midterm
15 Marks
Quiz 1
10 Marks
Quiz 2
15 Marks
Lecture Bonus Marks
1 Bonus = 0.5 Mark
Lab Bonus Marks
1 Bonus = 0.5 Mark Total Marks
 14 3.5 10 27.5
 12 0.5 7 0 19.5
 12 0.5 5 12.5 30
 14 0.5 8.5 4 1.5 28.5
 14 10 5 29
 13 0.5 7.5 5 26
 11 9.5 10 30.5
 2 4 10 16
 13 9.5 14 36.5
 7 4.5 14 25.5
 15 0.5 9 10 34.5
 9 3 2.5 1.5 16
 11 0.5 3.5 15 1.5 31.5
 6 0.5 5 7.5 0.5 1.5 21
 14 1.5 10 25.5
 2 0.25 5 0 0.5 7.75
 11 0.5 5 0 16.5
 4 0.5 9.5 0 0.5 14.5
 8 0.75 5 9 22.75
 8 0.5 2 0 10.5
 15 5.5 4 1 25.5
 11 6 10 27
 8 0.5 6 5 19.5
 9 8 9 26
 14 10 10 34
 4 2.5 0 6.5
 13 0.5 7.5 10 31
 12 0.5 5 9 26.5
 7 0.75 5.5 12.5 25.75
 16 8 10 0.5 34.5
 3 0 0 3
 8 3.5 6.5 18
 13 5 9 0.5 27.5
 4 0.5 3 10 17.5
 6 0.5 7 5 18.5
Statistical Analysis Yeaworks
Student ID Midterm
15 Marks
Quiz 1
10 Marks
Quiz 2
15 Marks
Lecture Bonus Marks
1 Bonus = 0.5 Mark
Lab Bonus Marks
1 Bonus = 0.5 Mark Total Marks
 12 0.5 1 0 1.5 15
 4.5 12.5 0.5 17.5
 12 0.5 9 10 1.5 33
 10 0.75 3.5 0 1.5 15.75
 15 4.5 0 19.5
 6 9.5 15 30.5
 9 0.5 5.5 0 1.5 16.5
 5 0.5 8 10 23.5
 15 9.5 10 0.5 35
 9 2 7.5 18.5
 7 3 5 15
 15 5.5 0 20.5
 2 0.75 6.5 2.5 11.75
 14 3.5 6.5 24
 2 1.5 3.5
 9 3.5 0 12.5
 10 0.75 6 5 21.75
 6 0.5 3 0 9.5
 10 4 2.5 16.5
 6 0.5 10 5 21.5
 10 6 0 16
 3 6.5 15 3 27.5
 13 5 0 18
 14 7.5 15 1.5 38
 6 0.5 2 9 17.5
 12 6 10 28
 7 0.5 2 5 0.5 15
 14 5.5 10 1.5 31
 9 4 5 3 1.5 22.5
 8 0.5 2.5 4 15
 15 6 10 1.5 32.5
 7 5.5 9 21.5
 13 1.5 12.5 0.5 27.5
 13 0.5 9 15 37.5
 10 8.5 0 18.5
Statistical Analysis Yeaworks
Student ID Midterm
15 Marks
Quiz 1
10 Marks
Quiz 2
15 Marks
Lecture Bonus Marks
1 Bonus = 0.5 Mark
Lab Bonus Marks
1 Bonus = 0.5 Mark Total Marks
 16 4.5 10 30.5
 12 0.5 6 0 1.5 20
 2 0.5 8 0 10.5
 14 6.5 8 28.5
 13 0.5 7 0 1.5 22
 15 9.5 10 1.5 36
 9 0.5 6 2.5 0.5 18.5
 13 0.5 9 5 27.5
 11 0.5 4 15 30.5
 7 4 12.5 23.5
 15 0.5 6.5 10 32
 11 0.25 2.5 9 0.5 23.25
 8 0.5 10 0 18.5
 15 0.5 4 10 29.5
 13 4 0 17
 8 4.5 9 21.5
 13 0.5 3.5 9 26
 3 4 2.5 9.5
 0 0 0
 9 6 0 15
 8 0.5 3 15 26.5
 8 3 15 26
 11 7.5 10 28.5
 5 0.75 5.75
 12 0.5 9.5 9 31
 2 0.5 2.5 2.5 7.5
 4 0.5 7 0 11.5
 11 0.25 9.5 15 35.75
 10 5 0 3 1.5 19.5
 9 2.5 5 16.5
 14 6 5 1.5 26.5
 13 0.5 10 15 38.5
 11 6.5 9 0.5 27
 11 0.5 9 7.5 1.5 29.5
 15 5 6 26
Statistical Analysis Yeaworks
Student ID Midterm
15 Marks
Quiz 1
10 Marks
Quiz 2
15 Marks
Lecture Bonus Marks
1 Bonus = 0.5 Mark
Lab Bonus Marks
1 Bonus = 0.5 Mark Total Marks
 9 10 5 24
 9 0.5 6.5 16
 1 0.5 9.5 9 20
 12 6.5 2.5 0.5 21.5
 11 3 5 19
 0 0 0
 14 0.75 6.5 10 1.5 32.75
 12 6.5 15 33.5
 4 9 2.5 15.5
 8 5.5 4 1.5 19
 12 0.5 6 4 22.5
 12 5 10 1.5 28.5
 13 5.5 10 0.5 0.5 29.5
 2 0 2
 7 6 2.5 1.5 17
 4 4 5 13
 13 0.5 5.5 0 19
 13 0.5 7 15 35.5
 10 4 10.5 24.5
 12 5 5 22
 9 9.5 10 28.5
 12 7.5 5 24.5
 3 5.5 2.5 11
 6 2.5 7 1.5 17
 16 5 10 31
 5 1.5 4 1.5 12
 5 4 10.5 19.5
 10 4.5 15 29.5
 10 3.5 0 13.5
 9 0.5 7 10 26.5
 12 5 10 27
 7 0.5 4.5 12
 6 0.5 4.5 2.5 13.5
 7 4.5 10 21.5
 8 6 13 1.5 28.5
Statistical Analysis Yeaworks
Student ID Midterm
15 Marks
Quiz 1
10 Marks
Quiz 2
15 Marks
Lecture Bonus Marks
1 Bonus = 0.5 Mark
Lab Bonus Marks
1 Bonus = 0.5 Mark Total Marks
 4 1 0 5
 14 0.5 7.5 10 1.5 33.5
 7 6 9 3 25
 11 7 0 18
 9 0.5 7 5 21.5
 8 0.5 3.5 5 17
 1 3 10 1.5 15.5
 14 0.5 7.5 0 22
 6 6.5 14 26.5
 7 3.5 0 10.5
 13 4.5 15 0.5 1.5 34.5
 10 4 5 1.5 20.5
 12 6 10 1 29
 6 0.5 6.5 0 13
 5 6 13 24
 13 5.5 10 3 31.5
 15 9.5 2.5 27
 10 3 15 28
 8 4 15 27
 7 0.5 6.5 5 19
 11 0.5 4 0 15.5
 6 0.5 4 9 19.5
 14 0.5 3.5 10 28
 14 0.5 7 10 1.5 33
 8 0.5 7 5 20.5
 13 0.5 9 15 1.5 39
 13 0.5 3 2.5 0.5 19.5
 7 3 12.5 22.5
 10 9.5 2.5 22
 7 6.5 0 1.5 15
 10 0.5 5 5 20.5
 14 0.5 10 15 39.5
 7 0.5 4.5 0 1.5 13.5
 12 0.5 3.5 10 26
 5 4.5 10 1.5 21
Statistical Analysis Yeaworks
Student ID Midterm
15 Marks
Quiz 1
10 Marks
Quiz 2
15 Marks
Lecture Bonus Marks
1 Bonus = 0.5 Mark
Lab Bonus Marks
1 Bonus = 0.5 Mark Total Marks
 5 0.5 5 0 0.5 11
 12 9.5 2.5 24
 14 3 15 32
 1 5 0 6
 7 7.5 5 0.5 20
 8 9 15 32
 11 5 12.5 1.5 30
 11 8.5 9.5 29
 7 5 9 21
 5 5.5 7.5 18
 6 0.5 3 0 0.5 10
 9 0.5 7 11.5 28
 9 0.5 4 5 0.5 19
 7 3.5 10 20.5
 2 0.25 2 5 9.25
 11 8.5 0 19.5
 2 1 15 18
 14 5 5 1.5 25.5
 10 0.5 4 15 1.5 31
 13 9.5 13 35.5
 5 1 15 21
 3 0.5 0 3.5
 13 6 5 24
 3 0.5 3 0 6.5
 4 3 0 7
 2 3.5 5.5
 8 5 15 1.5 29.5
 13 5 5 0.5 23.5
 7 2.5 10 19.5
 9 6 0 15
 13 8 5 26
 10 7.5 8 25.5
 16 5 12.5 33.5
 6 10 10 1 0.5 27.5
 13 0.5 5 10 28.5
Statistical Analysis Yeaworks
Student ID Midterm
15 Marks
Quiz 1
10 Marks
Quiz 2
15 Marks
Lecture Bonus Marks
1 Bonus = 0.5 Mark
Lab Bonus Marks
1 Bonus = 0.5 Mark Total Marks
 13 0.5 5.5 5 24
 12 0.5 5.5 5 23
 11 9 10 30
 12 5 8 25
 13 0.5 8 5 0.5 27
 7 2 0 9
 9 0.5 8.5 0 1.5 19.5
 10 3.5 0 13.5
 12 0.75 3 5 0.5 0.5 21.75
 5 0.25 3.5 8 16.75
 7 0.5 0 7.5
 8 0.5 5.5 10 24
 16 10 5 31
 4 4 0 8
 5 5 10 20
 8 5 5 18
 10 5 10 1.5 26.5
 13 0.5 5.5 10 3 32
 13 7.5 13 33.5
 10 9 5 24
 13 4.5 10 27.5
 6 7 2.5 1.5 17
 13 3.5 15 31.5
 16 7.5 5 28.5
 5 0.5 8 8 1 22.5
 12 2.5 10 24.5
 5 0.75 3 0 8.75
 15 5 10 30
 11 11
 8 0.5 7 11.5 27
 7 0.5 4 13 0.5 25
 3 0 3
 14 0.5 7.5 15 37
 7 7 10 1.5 25.5
 11 6 5 1.5 23.5
Statistical Analysis Yeaworks
Student ID Midterm
15 Marks
Quiz 1
10 Marks
Quiz 2
15 Marks
Lecture Bonus Marks
1 Bonus = 0.5 Mark
Lab Bonus Marks
1 Bonus = 0.5 Mark Total Marks
 4 5 15 24
 13 0.5 2 5 20.5
 7 0.5 4.5 6.5 18.5
 7 1.5 5 13.5
 11 5.5 15 1.5 33
 6 0.5 5 12.5 24
 11 9 0 0.5 20.5
 2 0.25 3.5 0 5.75
 7 0.5 5 0 12.5
 6 0.5 5 0 11.5
 11 0.5 3.5 10 25
 7 0 5 12
 4 0.75 1 15 20.75
 14 0.5 5 0 19.5
 15 8.5 15 38.5
 8 3.5 5 16.5
 10 0.5 4.5 10 25
 12 10 10 32
 9 10 0 19
 6 3 0 9
 10 0.25 4.5 5 19.75
 12 9.5 0 21.5
 14 9 6.5 29.5
 8 7.5 15 1.5 32
 7 4 0 11
 10 0.5 9.5 0 20
 13 10 10 33
 3 0.5 5.5 0 1 10
 14 6 6.5 26.5
 15 5 0 20
 11 0.5 9.5 0 21
 12 8.5 15 35.5
 14 0.5 4.5 5 24
 11 0.5 4.5 0 16
 2 6 8
Statistical Analysis Yeaworks
Student ID Midterm
15 Marks
Quiz 1
10 Marks
Quiz 2
15 Marks
Lecture Bonus Marks
1 Bonus = 0.5 Mark
Lab Bonus Marks
1 Bonus = 0.5 Mark Total Marks
 9 4 15 28
 9 0.25 5.5 10 24.75
 12 0.5 5.5 10 28
 11 0.5 9.5 15 1.5 37.5
 9 0.5 0 0 9.5
 9 0.5 5 5 19.5
 3 0 3
 15 9.5 5 29.5
 16 7.5 6.5 1.5 31.5
 13 7 5 25
 12 0.5 9 5 26.5
 13 0.5 7 13 1.5 35
 13 5.5 8 26.5
 11 3 0 14
 8 3 11
 10 0.5 4 5 1.5 21
 11 0.5 5.5 10 27
 15 7 15 37
 14 0.5 5 15 34.5
 16 15 1.5 32.5
 10 0.5 8 10 0.5 29
 10 0.5 1 5 16.5
 7 8 15 30
 7 0.5 0 7.5
 8 0.5 5 13.5
 6 0.5 4 5 1.5 17
 15 5 10 30
 13 0.5 7 5 1.5 27
 11 0.5 3.5 5 20
 13 0.5 9 5 27.5
 14 5.5 11.5 31
 15 8 15 1 1.5 40.5
 15 4 10 29
 7 0.5 9.5 15 32
 11 0.5 4.5 0 16
Statistical Analysis Yeaworks
Student ID Midterm
15 Marks
Quiz 1
10 Marks
Quiz 2
15 Marks
Lecture Bonus Marks
1 Bonus = 0.5 Mark
Lab Bonus Marks
1 Bonus = 0.5 Mark Total Marks
 10 9 9 28
 9 0.5 6.5 5 1.5 22.5
 1 6 5 1.5 13.5
 8 0.5 5 5 18.5
 16 4 5 1.5 26.5
 11 7.5 0 1.5 20
 16 10 14 40
 7 0.5 4 14 1.5 27
 15 8.5 0 1.5 25
 14 1 15 0.5 30.5
 12 0.75 8 10 30.75
 8 0.5 5.5 0 14
 14 5 5 24
 12 0.5 6 0 18.5
 12 5 9 26
 6 4.5 13 23.5
 0 3 0 3
 11 2 9.5 22.5
 10 0.5 6 0 16.5
 10 7.5 10 27.5
 9 5.5 6.5 21
 7 8 14 29
 3 3 15 21
 11 0.5 3 0 14.5
 13 7.5 0 1.5 22
 12 0.5 3.5 0 16
 15 8.5 6.5 0.5 30.5
 13 0.5 7 15 0.5 36
 15 0.5 5 7.5 28
 6 3.5 5 1.5 16
 8 1 0 9
 2 7 0 9
 14 3.5 15 1.5 34
 0 1.5 0 1.5
 6 0.75 7.5 2.5 1 17.75
Statistical Analysis Yeaworks
Student ID Midterm
15 Marks
Quiz 1
10 Marks
Quiz 2
15 Marks
Lecture Bonus Marks
1 Bonus = 0.5 Mark
Lab Bonus Marks
1 Bonus = 0.5 Mark Total Marks
 6 4 5 15
 3 0.5 2.5 5 11
 4 4 0 0.5 8.5
 12 0.5 8.5 11.5 32.5
 10 0.5 7 0 17.5
 4 0.5 1.5 0 6
 2 0 0 2
 13 0.5 5 10 28.5
 7 5.5 10 22.5
 6 0.75 5.5 10 1.5 23.75
 7 7 5 19
 5 0.5 0 5.5
 13 6 15 1.5 35.5
 15 9 10 1.5 35.5
 10 5 0 15
 13 8.5 15 36.5
 7 0.5 8 2.5 18
 1 2 0 3
 2 0.5 3.5 0 1.5 7.5
 4 8 10 1.5 23.5
 4 0.75 5.5 0 10.25
 7 0.5 0.5 0 8
 9 6 0 15
 14 8 15 1.5 38.5
 15 6 0 21
 7 1.5 2.5 11
 6 5 5 16
 8 3 5 16
 13 0.5 4 12.5 30
 13 0.5 10 10 33.5
 11 4 8 23
 3 0.5 5 12.5 1 22
 0 5.5 0 2 1.5 9
 5 0.5 7 9 21.5
 14 8 5 27
Statistical Analysis Yeaworks
Student ID Midterm
15 Marks
Quiz 1
10 Marks
Quiz 2
15 Marks
Lecture Bonus Marks
1 Bonus = 0.5 Mark
Lab Bonus Marks
1 Bonus = 0.5 Mark Total Marks
 13 9 10 0.5 1.5 34
 15 0.5 7.5 11.5 34.5
 10 7 15 1.5 33.5
 14 7 15 36
 12 0.5 4 10 1.5 28
 11 5 0 16
 15 3.5 10 1 1.5 31
 13 0.5 4.5 15 33
 13 0.5 7 15 35.5
 11 0.5 5 5 21.5
 7 4.5 10 21.5
 11 2 7.5 1.5 22
 14 0.5 8.5 0 0.5 23.5
 7 3 0 10
 10 4.5 5 19.5
 4 0.5 5 4 13.5
 3 5 11.5 19.5
 8 5 0 13
 10 0.5 4 0 1.5 16
 5 3 0 8
 4 0.5 4.5 0 1.5 10.5
 9 4.5 0 13.5
 12 5.5 7.5 25
 1 2.5 10 13.5
 7 9.5 10 1.5 28
 12 0.5 6 0 18.5
 15 5.5 0 20.5
 13 8.5 5 1 27.5
 4 0.5 2.5 5 1.5 13.5
 12 4.5 0 16.5
 14 7 10 31
 5 0.5 4.5 9 19
 7 0.75 4 0 1.5 13.25
 8 5 0 1.5 14.5
 13 0.5 6 0 19.5
Statistical Analysis Yeaworks
Student ID Midterm
15 Marks
Quiz 1
10 Marks
Quiz 2
15 Marks
Lecture Bonus Marks
1 Bonus = 0.5 Mark
Lab Bonus Marks
1 Bonus = 0.5 Mark Total Marks
 5 3 15 23
 15 10 5 1 31
 10 0.5 5.5 9 25
 13 5 10 28
 12 8.5 5 1 26.5
 15 7 10 1.5 33.5
 7 3 10 20
 7 6 9 22
 9 5.5 0 14.5
 11 9 15 1.5 36.5
 6 4 2.5 2 0.5 15
 15 7.5 10 32.5
 16 9 10 35
 10 0.5 9 5.5 25
 9 3.5 15 27.5
 5 0.5 2 10 1.5 19
 5 0.75 2.5 0 8.25
 12 3.5 5 20.5
 4 6 10 1.5 21.5
 14 6.5 2.5 23
 13 0.5 10 1 0.5 25
 0 2 2
 14 7 5 1.5 27.5
 12 5 15 0.5 32.5
 7 0.5 7.5 9 1.5 25.5
 13 5.5 14.5 33
 8 0.5 4 5 17.5
 12 6 15 33
 13 0.5 2.5 9 0.5 25.5
 14 5 6.5 25.5
 12 0.5 6 0 18.5
 8 6.5 0 0.5 15
 11 0.5 6 5 22.5
 10 0.25 4 5 1.5 20.75
 4 3 5 12
Statistical Analysis Yeaworks
Student ID Midterm
15 Marks
Quiz 1
10 Marks
Quiz 2
15 Marks
Lecture Bonus Marks
1 Bonus = 0.5 Mark
Lab Bonus Marks
1 Bonus = 0.5 Mark Total Marks
 7 0.5 6 0 13.5
 8 8.5 12.5 1.5 30.5
 8 0.5 6.5 12.5 27.5
 8 0.5 6.5 5 20
 9 0.5 7 11.5 28
 5 0.5 4 15 24.5
 7 3.5 12.5 3 26
 16 6.5 9 31.5
 14 5.5 9 28.5
 0 5 5 10
 6 0.5 1 7.5
 2 0.75 2 0 4.75
 12 0.5 7.5 7.5 27.5
 6 0.75 2 0 8.75
 9 5 5 19
 12 0.5 7.5 14 0.5 34.5
 11 0.5 4 0 15.5
 10 0.5 9.5 0 2 0.5 22.5
 5 2.5 5 1.5 14
 5 6.5 11.5
 8 0.5 3 5 16.5
 9 0.5 6.5 10 26
 3 0.75 6.5 0 10.25
 10 0.5 6 2.5 19
 3 2 5
 9 0.5 10 0 19.5
 13 9 15 37
 9 0.5 7.5 15 32
 3 0.75 2 0 5.75
 12 7.5 15 1.5 36
 4 4 0 8
 8 8 0 16
 10 7 10 27
 1 0.75 3 2.5 7.25
 13 0.5 5 0 18.5
Statistical Analysis Yeaworks
Student ID Midterm
15 Marks
Quiz 1
10 Marks
Quiz 2
15 Marks
Lecture Bonus Marks
1 Bonus = 0.5 Mark
Lab Bonus Marks
1 Bonus = 0.5 Mark Total Marks
 9 0.5 9 15 2 1.5 37
 10 10 10 30
 11 0.5 5 9 25.5
 4 7.5 0 11.5
 6 5 0 11
 4 2 4 10
 13 3.5 5 21.5
 8 1.5 0 9.5
 0
 13 0.5 6 5 24.5
 3 3.5 6.5
 11 0.5 1.5 14 27
 13 4.5 5 22.5
 4 0.5 3.5 10 1.5 19.5
 9 5 13 27
 2 3 5
 4 3.5 9.5 17
 4 4.5 5 13.5
 13 9.5 5 27.5
 13 0.5 5 10 28.5
 12 0.5 9.5 15 37
 8 0.5 0.5 7.5 16.5
 3 3.5 0 6.5
 10 0.5 2 10 22.5
 10 5.5 0 15.5
 12 4 6.5 22.5
 10 4 15 29
 8 4 0 12
 8 0.5 4 10 1.5 24
 1 4 15 1.5 21.5
 15 2 15 0.5 32.5
 14 2 15 31
 9 7.5 0 0.5 17
 8 8 7.5 23.5
 12 0.5 1.5 14 0.5 28.5
Statistical Analysis Yeaworks
Student ID Midterm
15 Marks
Quiz 1
10 Marks
Quiz 2
15 Marks
Lecture Bonus Marks
1 Bonus = 0.5 Mark
Lab Bonus Marks
1 Bonus = 0.5 Mark Total Marks
 11 3 0 14
 0 0
 7 0 6.5 13.5
 11 8 0 19
 9 4.5 0 13.5
 3 2 5 1.5 11.5
 5 4 12.5 1.5 23
 6 1 0 7
 6 2 8
 7 3 0 10
 4 0.5 4 9 17.5
 4 0.5 1 10 15.5
 5 4.5 2.5 12
 7 4 10.5 1.5 23
 14 0.5 6 10 30.5
 6 3.5 15 24.5
 9 7 10 1.5 27.5
 15 7.5 0 22.5
 7 0.5 7 11 25.5
 9 6.5 5 1.5 22
 2 1.5 0 3.5
 11 0.5 7 9 27.5
 1 9 10
 9 5 13 1.5 28.5
 13 5 9 1.5 28.5
 8 0.5 6.5 10 25
 8 0.5 6 0 14.5
 1 9.5 14 24.5
 13 6 9 28
 13 0.75 9 10 32.75
 8 3.5 2.5 14
 7 6 10 1.5 24.5
 14 7 14 35
 13 0.5 1 10 24.5
 11 3 11.5 0.5 26
Statistical Analysis Yeaworks
Student ID Midterm
15 Marks
Quiz 1
10 Marks
Quiz 2
15 Marks
Lecture Bonus Marks
1 Bonus = 0.5 Mark
Lab Bonus Marks
1 Bonus = 0.5 Mark Total Marks
 7 5 2.5 14.5
 7 0.75 5 10 22.75
 15 0.5 2.5 5 23
 13 8.5 10 1.5 33
 9 0.5 10 5 24.5
 3 3.5 5 11.5
 11 6 0 17
 14 9 14 37
 14 0.75 4.5 12.5 31.75
 9 7.5 10.5 27
 8 5 13
 15 9.5 15 39.5
 14 1 5 20
 8 0.5 3 12.5 0.5 24.5
 15 6.5 2.5 24
 14 7.5 9 30.5
 7 0.25 2 0 9.25
 14 4 0 18
 7 0.5 8 10 0.5 26
 9 0.5 8.5 5 1.5 24.5
 11 6.5 12 1.5 31
 13 5.5 7.5 26
 9 0.5 0 0 9.5
 13 0.5 6.5 10 30
 11 4 14 29
 15 0.5 7.5 15 38
 7 7.5 14.5
 7 5 10 22
 11 8.5 5 24.5
 8 0.25 6.5 2.5 17.25
 7 1.5 8.5
 9 0.5 5 15 29.5
 14 0.5 10 1.5 26
 15 4.5 0 19.5
 6 0.5 5.5 5 1 18
Statistical Analysis Yeaworks
Student ID Midterm
15 Marks
Quiz 1
10 Marks
Quiz 2
15 Marks
Lecture Bonus Marks
1 Bonus = 0.5 Mark
Lab Bonus Marks
1 Bonus = 0.5 Mark Total Marks
 16 6 10 1.5 33.5
 0 0
 3 3 0 6
 5 0.5 4.5 4 14
 9 6 10 25
 15 4.5 5 24.5
 2 5 0 7
 12 4 14 30
 10 5.5 0 1.5 17
 11 4.5 2.5 18
 3 0.5 5 0 0.5 9
 5 0.5 4 5 14.5
 8 3.5 0 11.5
 12 0.5 3.5 5 21
 6 4.5 0 10.5
 7 0.5 4.5 7.5 19.5
 3 0.5 5 7.5 16
 13 7 5 25
 11 0.5 9.5 10 0.5 31.5
 14 3.5 10 1.5 29
 8 0.5 5.5 2.5 16.5
 8 0.5 8.5 15 1.5 33.5
 7 5 0 1.5 13.5
 5 0.5 5 5 15.5
 12 7 5 24
 9 0.5 4.5 5 1.5 20.5
 14 8.5 15 37.5
 5 4.5 0 9.5
 6 0.5 3 0 9.5
 8 9.5 12.5 1.5 31.5
 16 5.5 0 21.5
 3 2.5 5 10.5
 12 15 1.5 1.5 30
 7 7.5 0 14.5
 4 0.5 7 2.5 14
Statistical Analysis Yeaworks
Student ID Midterm
15 Marks
Quiz 1
10 Marks
Quiz 2
15 Marks
Lecture Bonus Marks
1 Bonus = 0.5 Mark
Lab Bonus Marks
1 Bonus = 0.5 Mark Total Marks
 4 0.5 1.5 6
 8 0.5 4 0 0.5 13
 15 9 10 1 35
 16 10 5 31
 4 0.5 2 9 15.5
 13 0.5 8 9 30.5
 14 5 10 29
 11 0.75 8.5 20.25
 14 4.5 7.5 1.5 27.5
 5 5 10
 10 0.5 7 15 1.5 34
 16 2.5 15 33.5
 11 7 15 33
 9 5 0 0.5 14.5
 12 0.5 2.5 15 30
 14 7.5 15 36.5
 2 0.25 2 5 9.25
 10 0.5 3.5 0 14
 14 5.5 10 0.5 30
 7 0.5 6 0 13.5
 11 8.5 13 32.5
 11 4 10 25
 13 3 2.5 18.5
 12 0.5 9 10 31.5
 13 0.75 7 10 30.75
 16 9 0 25
 9 5 0 14
 13 8.5 14 35.5
 6 0.5 7 5 18.5
 11 0.5 9.5 10 1.5 32.5
 10 7.5 9 26.5
 9 5 10 24
 6 0.5 8 2.5 1.5 18.5
 15 0.5 5.5 5 1 27
 0 3 5 1.5 9.5
Statistical Analysis Yeaworks
Student ID Midterm
15 Marks
Quiz 1
10 Marks
Quiz 2
15 Marks
Lecture Bonus Marks
1 Bonus = 0.5 Mark
Lab Bonus Marks
1 Bonus = 0.5 Mark Total Marks
 3 5 14 22
 2 4 8 14
 10 3.5 0 1.5 15
 4 2 0 6
 10 8.5 0 18.5
 13 0.5 9 5 27.5
 10 4 10 1.5 25.5
 13 2 0 15
 13 9.5 10 32.5
 5 3.5 9 17.5
 6 5 1.5 12.5
 11 0.5 6 9 26.5
 6 0.75 4 2 0.5 13.25
 13 6.5 0 19.5
 6 9.5 5 20.5
 10 7.5 10 27.5
 10 3 2.5 15.5
 14 0.5 5 10 1.5 31
 16 10 15 2.75 0.5 44.25
 3 2 15 20
 8 3.5 10 21.5
 2 5.5 5 12.5
 15 5 0 20
 15 8 9 32
 8 10 9 27
 7 6 10 1.5 24.5
 4 9 2.5 15.5
 16 5.5 0 21.5
 9 0.5 7 10 1 27.5
 14 6 15 35
 13 6.5 9 0.5 29
 15 8 10 33
 5.5 10 0.5 16
 10 0.5 6 5 1 1.5 24
 6 0.5 4 2.5 13
Statistical Analysis Yeaworks
Student ID Midterm
15 Marks
Quiz 1
10 Marks
Quiz 2
15 Marks
Lecture Bonus Marks
1 Bonus = 0.5 Mark
Lab Bonus Marks
1 Bonus = 0.5 Mark Total Marks
 5 0.5 7 0 12.5
 14 4 10 1.5 29.5
 12 0.5 4 5 21.5
 9 3 5 17
 16 4 0 0.5 20.5
 14 10 5 1.5 30.5
 10 0.5 4.5 10 25
 12 6.5 10 28.5
 8 2 5 15
 12 0.5 5 15 32.5
 12 5 10 27
 11 0.5 6.5 14 32
 13 0.5 8 5 26.5
 15 9.5 5 29.5
 5 0.5 5 15 25.5
 14 9 0 1.5 24.5
 14 10 15 1.5 40.5
 13 4 5 22
 13 0.5 7 9 29.5
 13 8 15 1.5 37.5
 11 0.5 7 10 28.5
 11 5.5 10 26.5
 2 6 0 0.5 8.5
 8 0.5 5.5 5 19
 10 6.5 5 21.5
 16 8 15 39
 0
 14 4 12.5 30.5
 10 0.5 3.5 0 14
 9 3 0 1.5 13.5
 13 5 10 28
 14 6 5 25
 6 6 0 12
 14 5 2.5 21.5
 13 0.75 7 10 1.5 1.5 33.75
Statistical Analysis Yeaworks
Student ID Midterm
15 Marks
Quiz 1
10 Marks
Quiz 2
15 Marks
Lecture Bonus Marks
1 Bonus = 0.5 Mark
Lab Bonus Marks
1 Bonus = 0.5 Mark Total Marks
 16 2 10.5 1.5 30
 12 0.75 10 15 1.5 39.25
 13 3 5 0.5 0.5 22
 11 0.5 5 15 31.5
 6 6.5 10 0.5 0.5 23.5
 8 5 10 0.5 23.5
 10 6.5 10 0.5 27
 15 4 10 29
 12 3 5 1.5 21.5
 9 0.5 7 5 21.5
 14 0.75 5.5 10 1.5 31.75
 13 10 10 33
 15 4.5 5 24.5
 16 8.5 14 1.5 40
 15 5 0 0.5 0.5 21
 13 5 15 0.5 1 34.5
 5 4 0 9
 7 0.5 7 0 14.5
 13 9.5 5 1.5 29
 14 10 10 34
 11 6.5 6.5 24
 13 6.5 13 32.5
 15 8.5 15 38.5
 9 4 0 13
 14 10 10 0.5 34.5
 3 7 9.5 1.5 21
 6 1 10 1.5 18.5
 10 4.5 0 14.5
 14 0.5 8.5 10 1.5 34.5
 6 6 0 0.5 12.5
 2 0.25 4.5 5 11.75
 13 0.5 8 5 1 27.5
 14 4 14 32
 9 0.75 2.5 0 12.25
 6 0.5 10 10 26.5
Statistical Analysis Yeaworks
Student ID Midterm
15 Marks
Quiz 1
10 Marks
Quiz 2
15 Marks
Lecture Bonus Marks
1 Bonus = 0.5 Mark
Lab Bonus Marks
1 Bonus = 0.5 Mark Total Marks
 2 0.75 3.5 5 0.5 1.5 13.25
 13 0.5 8.5 5 1.5 28.5
 5 0.5 5 2.5 13
 13 2 0 15
 13 6 9 28
 10 4 0 14
 11 0.5 5 15 31.5
 10 0.5 7 12.5 30
 13 0.5 5.5 10 29
 15 0.5 4 15 1.5 36
 11 4.5 15 30.5
 0 0.75 1 0 1.75
 7 0.5 6.5 10 24
 13 0.5 2 8 23.5
 10 0.5 7 10 0.5 28
 15 0.5 6 15 36.5
 14 8 15 37
 10 0.5 4 10 1.5 26
 14 9 15 0.5 1.5 40
 11 6.5 15 32.5
 13 0.5 8.5 15 37
 13 0.5 5.5 10.5 0.5 30
 13 4 6.5 1.5 25
 13 8 15 1.5 37.5
 9 3 15 1.5 28.5
 8 9 0 17
 0
 7 0.5 4 2.5 14
 16 9 15 40
 8 6.5 6.5 1.5 22.5
 15 3.5 5 23.5
 13 3 6.5 22.5
 9 3.5 15 1.5 29
 12 0.5 7.5 15 1.5 36.5
 7 7 13 0.5 1.5 29
Statistical Analysis Yeaworks
Student ID Midterm
15 Marks
Quiz 1
10 Marks
Quiz 2
15 Marks
Lecture Bonus Marks
1 Bonus = 0.5 Mark
Lab Bonus Marks
1 Bonus = 0.5 Mark Total Marks
 0
 2 0.5 4 0 6.5
 14 6 5 1.5 26.5
 10 7 10 1.5 28.5
 3 0.5 9 0 1.5 14
 12 0.75 8 5 0.5 26.25
 15 8.5 15 38.5
 4 0.5 3.5 5 13
 12 0.5 10 10 32.5
 10 0.5 7 10 27.5
 15 7 8 30
 13 0.5 7.5 10 31
 12 2 14 28
 7 0.5 6 0 0.5 14
 4 0.25 7 0 11.25
 11 4 10 25
 12 5.5 0 1.5 19
 7 0.5 2 9 18.5
 3 0.75 5 0 0.5 9.25
 9 0.75 8 0 3 20.75
 9 9 10 0.5 28.5
 9 0.5 8 12.5 1.5 31.5
 12 5 10 1.5 28.5
 10 5.5 15 30.5
 9 0.5 6 10 25.5
 8 0.5 9 12.5 1.5 31.5
 6 0.5 4 0 1.5 12
 6 0.5 6 12.5 25
 4 0.5 5 5 14.5
 4 0.5 10 14.5
 7 0.5 8 5 20.5
 9 3.5 0 12.5
 14 8.5 15 37.5
 4 9 10 23
 6 7 0 13
Statistical Analysis Yeaworks
Student ID Midterm
15 Marks
Quiz 1
10 Marks
Quiz 2
15 Marks
Lecture Bonus Marks
1 Bonus = 0.5 Mark
Lab Bonus Marks
1 Bonus = 0.5 Mark Total Marks
 8 2 5 15
 15 5 0 20
 10 3 0 13
 14 0.5 7 9 1.5 32
 14 0.5 9 0 0.5 24
 7 0 7
 11 7 14 32
 0
 10 0.5 4.5 0 1.5 16.5
 1 0.25 5.5 0 6.75
 3 6 5 14
 6 8 10 24
 5 0.5 8.5 15 29
 7 0.5 6 2.5 16
 6 4.5 10 20.5
 8 0.25 4.5 0 1.5 14.25
 2 0.5 4.5 0 1.5 8.5
 8 7 0 15
 2 0.5 7.5 10
 11 0.5 4.5 5 21
 9 5.5 5.5 2 22
 9 0.5 6.5 10 0.5 26.5
 10 4.5 5 19.5
 4 3.5 0 7.5
 15 0.5 5 0 20.5
 8 0.75 7.5 10 26.25
 0
 15 7 0 22
 12 0.5 3 5 20.5
 13 3.5 14 0.5 1.5 32.5
 13 5 14.5 32.5
 7 3.5 2.5 13
 7 0.75 3.5 2.5 13.75
 0
 14 5 10 29
Statistical Analysis Yeaworks
Student ID Midterm
15 Marks
Quiz 1
10 Marks
Quiz 2
15 Marks
Lecture Bonus Marks
1 Bonus = 0.5 Mark
Lab Bonus Marks
1 Bonus = 0.5 Mark Total Marks
 11 8 9 1.5 29.5
 3 6 0 9
 11 9 5 25
 14 0.5 3.5 12.5 30.5
 13 3.5 7.5 24
 4 7 11.5 22.5
 16 7 10 33
 16 7 15 38
 16 5 10 31
 9 8 15 0.5 32.5
 0
 2 4 6
 5 0.5 5.5 5 0.5 16.5
 15 0.5 9.5 15 40
 14 3 10 27
 14 5 12 31
 0 0.25 2.5 0 2.75
 16 10 5 31
 6 0.5 3.5 0 0.5 10.5
 2 6.5 10 18.5
 12 7 11.5 30.5
 8 0 8
 8 5 1.5 14.5
 6 0.5 8.5 9 24
 10 5 0 15
 2 0.5 1.5 10 14
 7 9 13 1.5 30.5
 3 0.5 6 5 14.5